DATE	output_growth	inflation	interest_rate	inflation_expectations
1966Q1	2.136118	2.553327	4.560000	
1966Q2	0.061044	3.269192	4.913333	
1966Q3	0.558225	3.850699	5.410000	
1966Q4	0.518569	3.327632	5.563333	
1967Q1	0.550708	1.665031	4.823333	
1967Q2	-0.312518	2.025670	3.990000	
1967Q3	0.449764	3.816191	3.893333	
1967Q4	0.297507	4.432930	4.173333	
1968Q1	1.629733	4.406587	4.790000	
1968Q2	1.317892	4.204509	5.983333	
1968Q3	0.364153	3.899264	5.946667	
1968Q4	-0.083235	5.606607	5.916667	
1969Q1	1.104797	4.106110	6.566667	
1969Q2	-0.104090	5.053055	8.326667	
1969Q3	0.229910	5.591287	8.983333	
1969Q4	-0.972405	5.125768	8.940000	
1970Q1	-0.667447	5.605860	8.573333	
1970Q2	-0.391714	5.528380	7.886667	
1970Q3	0.348665	3.268882	6.706667	
1970Q4	-1.660807	5.253175	5.566667	
1971Q1	2.122144	6.029974	3.856667	
1971Q2	-0.029862	5.221608	4.566667	
1971Q3	0.266121	4.050048	5.476667	
1971Q4	-0.332070	3.322309	4.750000	
1972Q1	0.692804	6.050660	3.546667	
1972Q2	1.718518	2.482213	4.300000	
1972Q3	0.409622	3.802826	4.743333	
1972Q4	1.182667	5.068233	5.146667	
1973Q1	1.930121	4.582803	6.536667	
1973Q2	0.566716	6.110721	7.816667	
1973Q3	-1.042979	7.704921	10.560000	
1973Q4	0.439068	7.892723	9.996667	
1974Q1	-1.375290	7.478396	9.323333	
1974Q2	-0.271401	9.343349	11.250000	
1974Q3	-1.450255	11.558949	12.090000	
1974Q4	-0.889576	11.596345	9.346667	
1975Q1	-1.709433	8.990818	6.303333	
1975Q2	0.239336	5.898063	5.420000	
1975Q3	1.128587	6.999026	6.160000	
1975Q4	0.846189	6.640038	5.413333	
1976Q1	1.747074	4.204170	4.826667	
1976Q2	0.281175	4.009158	5.196667	
1976Q3	0.063686	5.138964	5.283333	
1976Q4	0.276762	7.106752	4.873333	
1977Q1	0.742187	6.379172	4.660000	
1977Q2	1.454733	5.606350	5.156667	
1977Q3	1.298337	4.838717	5.820000	
1977Q4	-0.442772	8.554852	6.513333	
1978Q1	-0.109578	5.767837	6.756667	
1978Q2	3.359723	7.579457	7.283333	
1978Q3	0.543844	6.736572	8.100000	
1978Q4	0.868509	8.097991	9.583333	
1979Q1	-0.268779	7.227406	10.073333	
1979Q2	-0.314392	9.680220	10.180000	
1979Q3	0.283611	8.653173	10.946667	
1979Q4	-0.266488	7.353786	13.576667	
1980Q1	-0.111182	8.317237	15.046667	
1980Q2	-2.472968	9.404121	12.686667	
1980Q3	-0.533201	8.836262	9.836667	
1980Q4	1.501551	10.285487	15.853333	
1981Q1	1.594093	10.400247	16.570000	
1981Q2	-1.073123	7.848952	17.780000	
1981Q3	0.852206	7.458991	17.576667	
1981Q4	-1.433984	6.852884	13.586667	
1982Q1	-1.861715	5.464970	14.226667	
1982Q2	0.150642	5.162619	14.513333	
1982Q3	-0.674208	5.635065	11.006667	
1982Q4	-0.263461	4.125438	9.286667	
1983Q1	1.044287	3.011006	8.653333	
1983Q2	1.989652	2.954675	8.803333	
1983Q3	1.696809	4.232488	9.460000	
1983Q4	1.777942	3.018568	9.430000	
1984Q1	1.520485	4.033509	9.686667	
1984Q2	1.459076	3.406576	10.556667	
1984Q3	0.692893	3.539487	11.390000	
1984Q4	0.513799	2.979320	9.266667	
1985Q1	0.744382	3.935570	8.476667	
1985Q2	0.638062	2.565533	7.923333	
1985Q3	1.253631	2.407987	7.900000	
1985Q4	0.445567	2.229769	8.103333	
1986Q1	0.436242	1.984575	7.826667	
1986Q2	0.174212	1.511000	6.920000	
1986Q3	0.666926	1.636278	6.206667	
1986Q4	0.242488	2.173898	6.266667	
1987Q1	0.389047	2.550552	6.220000	
1987Q2	0.784180	2.761247	6.650000	
1987Q3	0.595710	3.020019	6.843333	
1987Q4	1.456260	3.176073	6.916667	
1988Q1	0.243212	3.121511	6.663333	
1988Q2	1.076348	3.873428	7.156667	
1988Q3	0.339967	4.755296	7.983333	
1988Q4	1.100470	3.440169	8.470000	
1989Q1	0.731320	4.149104	9.443333	
1989Q2	0.542253	4.239861	9.726667	
1989Q3	0.510347	2.908646	9.083333	
1989Q4	-0.025542	2.839230	8.613333	
1990Q1	0.287029	4.293275	8.250000	
1990Q2	0.152123	4.457534	8.243333	
1990Q3	-0.164141	3.409839	8.160000	
1990Q4	-1.185482	2.968275	7.743333	
1991Q1	-0.682295	3.897361	6.426667	
1991Q2	0.575052	2.924494	5.863333	
1991Q3	0.260139	3.117729	5.643333	
1991Q4	0.071360	2.364437	4.816667	
1992Q1	0.969150	1.482773	4.023333	
1992Q2	0.853807	2.399443	3.770000	
1992Q3	0.714713	1.952531	3.256667	
1992Q4	0.731572	2.740388	3.036667	
1993Q1	-0.086126	2.237971	3.040000	
1993Q2	0.349262	2.375531	3.000000	
1993Q3	0.212860	2.367719	3.060000	
1993Q4	1.067892	2.174642	2.990000	
1994Q1	0.728603	1.910841	3.213333	
1994Q2	1.123638	1.926236	3.940000	
1994Q3	0.314571	2.288353	4.486667	
1994Q4	0.859993	2.160363	5.166667	
1995Q1	0.211879	2.166817	5.810000	
1995Q2	0.089050	1.915589	6.020000	
1995Q3	0.589595	1.966076	5.796667	
1995Q4	0.403194	1.920865	5.720000	
1996Q1	0.533628	1.917589	5.363333	
1996Q2	1.402555	1.655683	5.243333	
1996Q3	0.608670	1.309080	5.306667	
1996Q4	0.730924	2.127633	5.280000	
1997Q1	0.178678	2.383035	5.276667	
1997Q2	1.434509	0.793128	5.523333	
1997Q3	0.979228	1.742822	5.533333	
1997Q4	0.570999	1.327979	5.506667	
1998Q1	0.773604	0.567787	5.520000	
1998Q2	0.672224	0.944524	5.500000	
1998Q3	0.969559	1.688850	5.533333	
1998Q4	1.297538	1.125736	4.860000	
1999Q1	0.558107	1.298049	4.733333	
1999Q2	0.563039	1.508146	4.746667	
1999Q3	1.022568	1.412604	5.093333	
1999Q4	1.331380	2.212968	5.306667	
2000Q1	-1.030244	2.650602	5.676667	
2000Q2	1.495341	2.484257	6.273333	
2000Q3	-0.216431	2.331855	6.520000	
2000Q4	0.294350	2.149293	6.473333	
2001Q1	-0.581185	2.636613	5.593333	
2001Q2	0.326566	2.398581	4.326667	
2001Q3	-0.720397	1.569641	3.496667	
2001Q4	-0.045392	1.253433	2.133333	
2002Q1	0.577629	1.254849	1.733333	
2002Q2	0.362067	1.394397	1.750000	
2002Q3	0.100450	1.913359	1.740000	
2002Q4	-0.185966	2.314507	1.443333	
2003Q1	-0.188900	1.950840	1.250000	
2003Q2	0.580207	1.404784	1.246667	
2003Q3	1.315498	2.282022	1.016667	
2003Q4	0.810179	2.428823	0.996667	
2004Q1	0.528917	2.844100	1.003333	
2004Q2	0.494717	3.214956	1.010000	
2004Q3	0.627695	2.529285	1.433333	
2004Q4	0.685647	3.089245	1.950000	
2005Q1	0.827366	3.184726	2.470000	
2005Q2	0.209195	2.868885	2.943333	
2005Q3	0.449707	3.630679	3.460000	
2005Q4	0.212870	3.273584	3.980000	
2006Q1	1.086868	2.823933	4.456667	
2006Q2	-0.034876	3.477075	4.906667	
2006Q3	-0.170816	2.784686	5.246667	
2006Q4	0.537883	1.427577	5.246667	
2007Q1	-0.109107	3.785265	5.256667	
2007Q2	0.331881	2.771530	5.250000	
2007Q3	0.260371	2.180397	5.073333	
2007Q4	0.313825	1.617188	4.496667	
