2.136117715809518813e+00 2.553327089035554387e+00 4.559999999999999609e+00 nan
6.104418184395399294e-02 3.269192020647400998e+00 4.913333333333333108e+00 nan
5.582245585234204555e-01 3.850698909281585092e+00 5.410000000000000142e+00 nan
5.185688737223017597e-01 3.327631978053717354e+00 5.563333333333333464e+00 nan
5.507079337809273056e-01 1.665031021848383253e+00 4.823333333333333250e+00 nan
-3.125178670503601097e-01 2.025670439539716483e+00 3.989999999999999769e+00 nan
4.497643040217553789e-01 3.816190504216499857e+00 3.893333333333333091e+00 nan
2.975070548757230426e-01 4.432930137332689036e+00 4.173333333333332895e+00 nan
1.629733453982339597e+00 4.406587275042156193e+00 4.790000000000000036e+00 nan
1.317892241985759938e+00 4.204508726967597809e+00 5.983333333333333393e+00 nan
3.641526442876283909e-01 3.899264174358697765e+00 5.946666666666666323e+00 nan
-8.323470123866627546e-02 5.606607469396818644e+00 5.916666666666666963e+00 nan
1.104797492749071353e+00 4.106109623837936873e+00 6.566666666666666430e+00 nan
-1.040895769868939169e-01 5.053054855854385963e+00 8.326666666666666217e+00 nan
2.299102349916211097e-01 5.591286991256064098e+00 8.983333333333332504e+00 nan
-9.724049124766906971e-01 5.125768105087847637e+00 8.939999999999999503e+00 2.706189749501157316e+00
-6.674474163967261120e-01 5.605860006596087963e+00 8.573333333333332362e+00 nan
-3.917138998974678543e-01 5.528380438975762701e+00 7.886666666666666714e+00 nan
3.486650949283784939e-01 3.268882262291136875e+00 6.706666666666666998e+00 nan
-1.660807419674029006e+00 5.253174928391560528e+00 5.566666666666666430e+00 3.177306894203683285e+00
2.122143657698757124e+00 6.029973591769185681e+00 3.856666666666666909e+00 nan
-2.986227938401952997e-02 5.221608212655588943e+00 4.566666666666666430e+00 3.319521125878025725e+00
2.661214181515560995e-01 4.050047550510173622e+00 5.476666666666666572e+00 3.011740603525718818e+00
-3.320702102325867600e-01 3.322309239684204663e+00 4.750000000000000000e+00 3.228519078905943474e+00
6.928044707996150464e-01 6.050659551128067193e+00 3.546666666666666856e+00 3.170328550156283232e+00
1.718517989593010498e+00 2.482212747414067611e+00 4.299999999999999822e+00 3.277676662385439865e+00
4.096219292887326446e-01 3.802826415373197655e+00 4.743333333333333179e+00 3.197539527946370530e+00
1.182667238378144248e+00 5.068232833727328135e+00 5.146666666666666501e+00 3.206422847612658167e+00
1.930121499746405789e+00 4.582802876821901350e+00 6.536666666666666181e+00 3.659860796182442311e+00
5.667155952374969274e-01 6.110720735190210640e+00 7.816666666666666430e+00 3.411185016172348039e+00
-1.042979297381862125e+00 7.704920664154116139e+00 1.056000000000000050e+01 3.518687086897629435e+00
4.390675794982143998e-01 7.892723309664334330e+00 9.996666666666666146e+00 3.466609063169382665e+00
-1.375290089298346174e+00 7.478396154602891421e+00 9.323333333333332362e+00 3.775905821813867913e+00
-2.714011361844086423e-01 9.343348907253783864e+00 1.125000000000000000e+01 3.195928830026105505e+00
-1.450255251100088572e+00 1.155894932705710154e+01 1.208999999999999808e+01 3.313233467764770346e+00
-8.895756623726356338e-01 1.159634524940825884e+01 9.346666666666665790e+00 4.649124309582274073e+00
-1.709433491467393651e+00 8.990817779107556973e+00 6.303333333333333677e+00 4.204919814666023825e+00
2.393358743502176367e-01 5.898063430866940848e+00 5.419999999999999041e+00 4.993696879545442613e+00
1.128586858429571294e+00 6.999026492109698516e+00 6.160000000000000142e+00 nan
8.461891626587885185e-01 6.640037798877824748e+00 5.413333333333333997e+00 6.101237168150219325e+00
1.747073511759822395e+00 4.204169505048733768e+00 4.826666666666667105e+00 5.147380061770189918e+00
2.811751081862894353e-01 4.009157776192897593e+00 5.196666666666666323e+00 5.268895746476765396e+00
6.368570874315082619e-02 5.138964318028016010e+00 5.283333333333333215e+00 5.826105972675725830e+00
2.767623197016746417e-01 7.106751762241025894e+00 4.873333333333333961e+00 6.121533597023154805e+00
7.421872551817614294e-01 6.379171728481882298e+00 4.660000000000000142e+00 5.851274417969790420e+00
1.454733483906920810e+00 5.606349924994070477e+00 5.156666666666666288e+00 6.413297473204327304e+00
1.298336945834989820e+00 4.838716791428574915e+00 5.820000000000000284e+00 5.803633796971134906e+00
-4.427722921113854682e-01 8.554851683936796292e+00 6.513333333333332753e+00 5.607986465671795706e+00
-1.095784665189967200e-01 5.767836660234877399e+00 6.756666666666666821e+00 5.205642557226641820e+00
3.359722746232478130e+00 7.579457239830206028e+00 7.283333333333334103e+00 5.673183385243575572e+00
5.438439469618288058e-01 6.736571572149219200e+00 8.099999999999999645e+00 6.222259975834079526e+00
8.685093944854997972e-01 8.097991357440626814e+00 9.583333333333333925e+00 6.155145375098548755e+00
-2.687794011002324623e-01 7.227405618325982495e+00 1.007333333333333236e+01 4.852892627216141896e+00
-3.143922663446119259e-01 9.680219954873003019e+00 1.017999999999999972e+01 6.346234720656116934e+00
2.836108302602724507e-01 8.653172854255608115e+00 1.094666666666666721e+01 6.586401921090470957e+00
-2.664877316996125955e-01 7.353786293353787862e+00 1.357666666666666622e+01 6.719885728716573858e+00
-1.111819526073531961e-01 8.317236636836122798e+00 1.504666666666666686e+01 6.787073787273294023e+00
-2.472967664061798132e+00 9.404120759715352662e+00 1.268666666666666742e+01 7.742876733764279429e+00
-5.332005186996866541e-01 8.836262167366443876e+00 9.836666666666666003e+00 7.382542735671098200e+00
1.501551432097812722e+00 1.028548677216192431e+01 1.585333333333333350e+01 7.047771166337075677e+00
1.594093225972756045e+00 1.040024727522334480e+01 1.656999999999999673e+01 8.332551192640398341e+00
-1.073122809002597933e+00 7.848951599123722644e+00 1.778000000000000114e+01 8.325226955424501085e+00
8.522057195897332349e-01 7.458991095572710783e+00 1.757666666666666444e+01 7.337933218624639764e+00
-1.433984127978419565e+00 6.852884322763394209e+00 1.358666666666666600e+01 8.208466487793989685e+00
-1.861715087818993197e+00 5.464970426007466742e+00 1.422666666666666657e+01 7.142397956338965237e+00
1.506422559673410433e-01 5.162618845409971513e+00 1.451333333333333364e+01 7.900462956850833329e+00
-6.742076753367882702e-01 5.635064964320080527e+00 1.100666666666666593e+01 7.903455303116585284e+00
-2.634614793018954515e-01 4.125438428158593851e+00 9.286666666666667069e+00 7.213170047048642175e+00
1.044286856698931842e+00 3.011006048734436558e+00 8.653333333333334210e+00 6.670351072310046092e+00
1.989652354289546565e+00 2.954674667427579671e+00 8.803333333333334565e+00 5.143720087554893183e+00
1.696809063318823974e+00 4.232487556755637925e+00 9.459999999999999076e+00 5.637709989335225380e+00
1.777942024697722445e+00 3.018567587600203161e+00 9.429999999999999716e+00 5.553164479797001896e+00
1.520485248313548254e+00 4.033508710233911110e+00 9.686666666666667425e+00 4.207180228550179812e+00
1.459076102391463792e+00 3.406575751724885581e+00 1.055666666666666664e+01 4.847436611692049979e+00
6.928931238612676680e-01 3.539486898617165256e+00 1.139000000000000057e+01 5.228904729939499063e+00
5.137992796934440776e-01 2.979319675853218108e+00 9.266666666666667496e+00 4.864056913784767566e+00
7.443823896162484743e-01 3.935570340117271915e+00 8.476666666666666572e+00 4.841810477651533162e+00
6.380615966656932869e-01 2.565532589314718948e+00 7.923333333333332895e+00 5.499361261130684575e+00
1.253631131019460554e+00 2.407986654753234923e+00 7.899999999999999467e+00 4.953725519221629625e+00
4.455667841256172323e-01 2.229769203928879673e+00 8.103333333333333499e+00 4.673545615199400594e+00
4.362421904011171137e-01 1.984575004810532395e+00 7.826666666666667105e+00 4.022123573262253338e+00
1.742117535135321305e-01 1.511000121108093452e+00 6.919999999999999041e+00 4.322093634272730966e+00
6.669256980094360188e-01 1.636278210363378172e+00 6.206666666666666110e+00 4.423245873399902273e+00
2.424880849216606293e-01 2.173897520321688592e+00 6.266666666666666607e+00 4.194578304043317551e+00
3.890468143218868136e-01 2.550551777574897816e+00 6.219999999999999751e+00 4.694011247522709596e+00
7.841799508327085277e-01 2.761247452870107200e+00 6.649999999999999467e+00 3.886033197657382754e+00
5.957096689301124570e-01 3.020019052808771587e+00 6.843333333333333712e+00 3.122354769843275424e+00
1.456260323619972041e+00 3.176072958828193737e+00 6.916666666666666963e+00 3.531289356258016987e+00
2.432122074912967946e-01 3.121511341640435866e+00 6.663333333333333997e+00 3.834613729575212737e+00
1.076347910573190347e+00 3.873428219041465947e+00 7.156666666666666288e+00 4.099346560205441747e+00
3.399670028342143269e-01 4.755295675418164336e+00 7.983333333333333393e+00 4.048838499418218717e+00
1.100470101942278234e+00 3.440169462278691803e+00 8.470000000000000639e+00 4.413482577088087666e+00
7.313197674485536481e-01 4.149104195814615537e+00 9.443333333333333357e+00 4.378296000646435537e+00
5.422526430351126692e-01 4.239861214517692822e+00 9.726666666666666572e+00 4.116674414619001965e+00
5.103469054384959236e-01 2.908646073495325446e+00 9.083333333333333925e+00 3.937281866427729149e+00
-2.554207235777994356e-02 2.839229920829956733e+00 8.613333333333333286e+00 4.254365768424198002e+00
2.870285112599049171e-01 4.293274556782716189e+00 8.250000000000000000e+00 4.759243737973406496e+00
1.521226460246225543e-01 4.457534113705138523e+00 8.243333333333332291e+00 4.334231171578116992e+00
-1.641406008768626634e-01 3.409839039023180529e+00 8.160000000000000142e+00 4.344683902008083187e+00
-1.185481894225517863e+00 2.968275282622169442e+00 7.743333333333332291e+00 4.047252066233786749e+00
-6.822948834454791722e-01 3.897361359785385559e+00 6.426666666666666750e+00 4.179862344280037334e+00
5.750518650415870070e-01 2.924494054968008072e+00 5.863333333333333286e+00 4.093196046656558451e+00
2.601389680216925626e-01 3.117729025916019747e+00 5.643333333333333535e+00 4.075144368417346286e+00
7.135973771607950766e-02 2.364436789806261707e+00 4.816666666666666430e+00 3.716926119356294578e+00
9.691503486308192805e-01 1.482772545373635564e+00 4.023333333333333428e+00 3.295376600022149827e+00
8.538068748899831917e-01 2.399442621917214247e+00 3.769999999999999574e+00 3.382776888242947866e+00
7.147127756678628430e-01 1.952530676347606908e+00 3.256666666666666377e+00 3.188428803819482127e+00
7.315719694765903114e-01 2.740388471939315007e+00 3.036666666666666625e+00 3.152104570122386207e+00
-8.612619028110657382e-02 2.237970865810768206e+00 3.039999999999999591e+00 3.636165679060118894e+00
3.492617627182426077e-01 2.375530937019499689e+00 3.000000000000000000e+00 3.258649446985741882e+00
2.128597494794348677e-01 2.367718800183483463e+00 3.060000000000000053e+00 2.835023116134391952e+00
1.067892494354396149e+00 2.174642335922842395e+00 2.990000000000000213e+00 2.844601364804092203e+00
7.286027201261049413e-01 1.910841474643114379e+00 3.213333333333333375e+00 2.774993151438929218e+00
1.123637587781445291e+00 1.926236373299928806e+00 3.939999999999999947e+00 3.178565094426597515e+00
3.145705588268583597e-01 2.288353215601362844e+00 4.486666666666667247e+00 2.785467018829233865e+00
8.599926380560418693e-01 2.160363288299190998e+00 5.166666666666666963e+00 2.872589289806566804e+00
2.118792143983228016e-01 2.166816570277791065e+00 5.809999999999999609e+00 2.830483547423242374e+00
8.904980343459101277e-02 1.915588807750401967e+00 6.019999999999999574e+00 2.949471078533674628e+00
5.895950265340843544e-01 1.966075773611083211e+00 5.796666666666666856e+00 3.080230900645051673e+00
4.031937319718963408e-01 1.920864808061422568e+00 5.719999999999999751e+00 3.007329256500858250e+00
5.336282149055477930e-01 1.917588935523415028e+00 5.363333333333333286e+00 3.232629102307913449e+00
1.402554690522833880e+00 1.655682717427539696e+00 5.243333333333333179e+00 2.978984090471187951e+00
6.086700525122523686e-01 1.309080336885741769e+00 5.306666666666666643e+00 2.677059569796713223e+00
7.309242518427936375e-01 2.127633499685968044e+00 5.280000000000000249e+00 2.425630839252072679e+00
1.786777625171680484e-01 2.383035237848671883e+00 5.276666666666666394e+00 2.514630712760668185e+00
1.434509441402042285e+00 7.931284122849954210e-01 5.523333333333333428e+00 2.546569815161025652e+00
9.792280852783505907e-01 1.742821564565405490e+00 5.533333333333334103e+00 2.620349484655710715e+00
5.709994411953402960e-01 1.327978569402237241e+00 5.506666666666666821e+00 2.593247225847136850e+00
7.736043822643523526e-01 5.677868025310917055e-01 5.519999999999999574e+00 2.807252623471966579e+00
6.722235578228037411e-01 9.445239911388524368e-01 5.500000000000000000e+00 2.636559708681322167e+00
9.695588913425581268e-01 1.688849556911572680e+00 5.533333333333334103e+00 2.537196129158134195e+00
1.297537928125962026e+00 1.125736308886315040e+00 4.860000000000000320e+00 2.345807567739865984e+00
5.581071638238199739e-01 1.298049107383083323e+00 4.733333333333333393e+00 2.341941081146519554e+00
5.630393641234832103e-01 1.508146190019180599e+00 4.746666666666667034e+00 1.997868524306438465e+00
1.022567788532001032e+00 1.412603737561979766e+00 5.093333333333333712e+00 2.067018950194594584e+00
1.331379870268960985e+00 2.212968283215758891e+00 5.306666666666666643e+00 1.842751678406784333e+00
-1.030243568269042953e+00 2.650602045214163649e+00 5.676666666666666750e+00 1.706117711443116525e+00
1.495341248992644978e+00 2.484256659058150962e+00 6.273333333333333428e+00 1.805353865690650261e+00
-2.164306368879351794e-01 2.331855033774138608e+00 6.519999999999999574e+00 2.028537624160434927e+00
2.943497464583515466e-01 2.149293185283127183e+00 6.473333333333333606e+00 1.863176613613557908e+00
-5.811854276120129725e-01 2.636613491719155267e+00 5.593333333333333712e+00 1.851726315665167100e+00
3.265661853545225313e-01 2.398581008182066654e+00 4.326666666666667105e+00 2.185052944826786359e+00
-7.203972398124278698e-01 1.569641319673456881e+00 3.496666666666666590e+00 2.302680549395949239e+00
-4.539153878693014121e-02 1.253432562313751442e+00 2.133333333333333304e+00 2.046228323755080680e+00
5.776288522481536347e-01 1.254848545137455584e+00 1.733333333333333393e+00 1.952623618161869468e+00
3.620668707299046218e-01 1.394397218243393244e+00 1.750000000000000000e+00 1.938633947009059666e+00
1.004498656644727816e-01 1.913359374759359799e+00 1.739999999999999991e+00 2.169235474627791316e+00
-1.859659438056269209e-01 2.314507014502238391e+00 1.443333333333333357e+00 1.792473352764980099e+00
-1.889000322479432725e-01 1.950839658439481816e+00 1.250000000000000000e+00 2.014060294950992702e+00
5.802069207406930218e-01 1.404783709141780523e+00 1.246666666666666812e+00 2.104751893075086588e+00
1.315498272802528845e+00 2.282022316980845122e+00 1.016666666666666607e+00 1.977638993003357992e+00
8.101787461196181539e-01 2.428822510820753067e+00 9.966666666666667007e-01 1.837431761360384996e+00
5.289172452723960305e-01 2.844100487627235996e+00 1.003333333333333188e+00 2.005995506636049086e+00
4.947168150682728083e-01 3.214955816810910250e+00 1.010000000000000009e+00 1.804707720740200694e+00
6.276953684537147637e-01 2.529284801363985480e+00 1.433333333333333348e+00 1.676879637094802034e+00
6.856466031256331917e-01 3.089245119725803956e+00 1.949999999999999956e+00 1.779108428573618061e+00
8.273658031371269317e-01 3.184726231070682090e+00 2.470000000000000195e+00 1.642883535036872011e+00
2.091947118401549233e-01 2.868885028911979607e+00 2.943333333333333357e+00 1.842770742441590004e+00
4.497074795403932512e-01 3.630679425430234808e+00 3.459999999999999520e+00 2.084823581823516570e+00
2.128698243002418167e-01 3.273583502298317072e+00 3.979999999999999982e+00 2.080880920293131098e+00
1.086867784825699346e+00 2.823932997076786577e+00 4.456666666666666998e+00 2.198584545365132037e+00
-3.487640829587235203e-02 3.477075020269190020e+00 4.906666666666667176e+00 2.190387047115729402e+00
-1.708158796500356402e-01 2.784686031381659710e+00 5.246666666666667034e+00 2.192462072693691866e+00
5.378829142822496578e-01 1.427576882527664015e+00 5.246666666666667034e+00 2.300303253824015570e+00
-1.091068469531819574e-01 3.785265353406203737e+00 5.256666666666666821e+00 2.471502619398434852e+00
3.318808026432407132e-01 2.771529658973871602e+00 5.250000000000000000e+00 2.212683780412444179e+00
2.603713174316908407e-01 2.180396920357178026e+00 5.073333333333333250e+00 2.423081070571079465e+00
3.138250435257532445e-01 1.617187678100202586e+00 4.496666666666667034e+00 2.298088527889154964e+00
